0 1
1 2
3 4
5 1
6 5
6 7
6 8
7 9
8 7
8 10
8 11
12 8
12 13
12 14
12 15
12 16
17 18
17 19
20 21
20 10
22 8
22 23
23 22
11 24
11 25
11 26
11 27
11 28
11 29
13 30
13 31
13 14
13 32
13 33
34 35
34 36
34 37
38 12
14 39
14 12
14 40
14 41
14 42
14 43
44 12
44 13
44 45
44 46
44 47
44 48
49 13
49 50
16 12
51 12
51 16
51 52
53 12
54 17
54 55
54 56
54 57
58 54
58 59
18 54
18 17
19 17
19 60
19 61
19 62
19 63
55 17
55 54
24 54
24 64
24 65
24 66
24 11
67 17
68 54
68 69
70 71
56 54
72 73
74 68
30 12
30 38
30 49
30 75
30 76
30 77
30 78
79 80
81 82
83 13
84 35
84 85
35 84
35 34
86 34
36 34
36 87
88 34
88 89
88 37
90 91
91 90
37 92
37 87
37 88
93 94
93 95
96 39
97 98
97 39
99 58
99 100
59 99
101 30
102 103
75 30
75 13
75 104
75 105
106 103
106 30
106 64
106 107
77 108
77 109
71 60
110 70
110 71
95 40
111 112
60 19
60 54
60 38
60 113
60 114
115 38
116 38
117 58
117 118
117 119
118 120
121 120
119 120
119 117
122 123
122 124
125 126
125 127
62 19
63 62
128 101
64 14
64 129
64 106
64 130
40 14
40 93
43 12
43 131
43 132
133 102
134 102
134 135
134 136
65 137
65 24
65 102
138 139
129 140
107 129
107 64
107 106
107 139
124 141
124 122
142 141
143 125
66 24
94 144
94 145
146 147
148 93
147 93
45 44
45 46
46 149
46 48
150 45
151 149
151 44
47 44
47 46
48 44
114 152
114 60
114 113
153 60
120 119
154 65
144 155
144 156
157 94
158 94
85 84
159 84
141 124
137 65
137 160
161 162
161 160
161 137
139 40
163 144
164 165
156 144
166 167
166 157
165 168
169 32
170 44
170 32
171 157
172 126
126 172
127 172
136 134
173 95
174 32
175 65
175 176
175 177
178 92
178 179
180 176
181 180
105 182
105 75
98 97
52 183
184 183
108 185
186 187
109 77
185 188
185 189
185 108
185 190
191 174
192 121
193 194
193 195
193 196
197 198
199 200
131 43
132 43
132 188
132 201
202 131
203 132
203 204
203 205
204 203
204 205
205 203
205 204
205 206
207 203
207 204
208 188
188 209
201 132
25 11
25 194
26 11
27 11
27 210
27 211
28 11
28 212
29 213
214 25
215 25
212 216
213 212
216 212
217 218
219 217
220 221
195 193
195 222
195 223
224 225
224 226
227 193
227 228
229 193
196 230
231 232
231 233
234 235
234 236
222 237
238 195
238 239
240 241
223 242
243 122
243 244
245 246
245 247
248 249
248 250
248 251
248 252
248 253
248 254
248 255
256 231
256 257
246 258
232 231
232 259
233 231
233 260
261 257
262 224
263 264
265 266
267 224
267 225
268 224
226 269
226 270
235 234
235 271
235 272
273 274
236 234
236 275
236 276
277 234
278 245
278 279
280 231
280 246
281 247
282 281
247 232
247 283
284 281
284 285
286 235
286 278
286 287
272 235
288 289
237 290
237 291
292 222
293 266
266 248
266 294
266 295
266 285
266 296
249 293
249 233
297 266
297 273
297 285
297 298
299 248
250 249
250 248
250 251
250 300
250 255
301 249
301 293
301 254
251 248
251 249
251 250
251 254
300 250
300 301
300 248
300 254
302 303
302 300
304 248
305 238
257 256
306 307
306 308
309 306
309 246
309 310
309 311
312 246
313 257
294 230
294 314
315 230
296 266
316 263
264 263
290 317
290 318
290 319
290 320
317 321
322 290
322 232
322 195
322 323
318 324
318 321
324 317
319 290
319 318
323 322
325 326
320 290
327 231
328 261
329 280
330 331
330 332
332 297
332 330
239 305
239 324
333 238
334 335
314 294
336 246
321 317
337 250
337 309
337 338
337 339
337 340
307 306
307 337
338 309
338 341
338 342
303 337
339 338
339 337
343 344
343 339
340 338
310 309
311 309
274 273
345 273
346 236
347 346
275 346
344 275
348 349
349 350
349 348
351 349
352 307
353 328
354 307
270 355
356 227
357 348
358 286
359 287
360 195
360 361
360 362
363 324
364 338
342 341
342 365
289 361
289 366
362 360
362 361
367 363
367 289
367 324
368 242
369 252
370 346
370 344
370 276
371 333
372 371
373 374
374 373
374 375
376 226
377 226
326 290
326 325
378 350
365 342
379 380
380 379
381 382
383 384
383 385
382 381
384 385
384 386
385 382
387 186
388 186
388 389
390 391
389 388
392 389
393 243
393 244
394 395
396 393
397 398
