0 1
1 2
3 0
3 4
3 5
4 3
5 1
5 6
7 8
9 8
9 10
11 12
11 13
10 14
10 15
16 9
17 18
17 19
19 17
20 9
20 21
20 22
23 11
23 24
23 25
23 26
23 27
23 28
29 30
29 31
32 11
32 33
32 34
35 36
35 37
35 38
35 39
40 41
40 42
40 43
40 44
45 24
45 46
47 48
48 47
49 11
49 13
13 50
14 10
14 51
14 52
53 10
53 14
53 54
15 55
56 10
21 10
21 57
21 58
59 10
60 14
60 61
60 62
51 10
51 63
51 64
52 65
66 10
61 67
62 60
68 62
24 11
24 69
24 70
24 71
25 23
25 72
26 23
26 73
73 26
27 23
28 23
74 75
74 76
77 29
78 79
78 74
78 80
81 29
81 82
83 77
84 83
82 29
82 81
82 85
86 87
86 88
89 16
90 54
91 24
69 32
69 91
69 21
69 92
69 93
94 24
94 23
94 95
96 97
96 36
70 24
98 24
98 69
98 97
71 70
64 51
64 99
100 16
100 101
80 79
102 73
99 64
99 103
104 65
105 104
65 106
65 107
108 109
97 69
110 15
55 15
111 97
112 91
36 96
36 113
36 114
87 115
116 117
39 118
93 69
93 92
57 119
120 36
121 36
113 96
122 123
114 124
125 126
58 21
127 86
127 128
88 86
129 86
130 86
131 88
131 86
132 40
132 100
132 44
41 42
133 132
42 132
134 42
43 41
135 136
137 104
137 105
137 138
137 107
139 127
139 140
139 141
128 127
142 127
76 74
76 143
143 74
115 87
115 144
126 125
126 145
146 119
146 147
146 148
148 119
148 39
123 87
149 139
140 139
150 151
152 74
141 139
141 140
153 30
154 155
154 150
154 156
157 41
157 132
157 40
109 108
109 158
159 108
159 160
160 108
161 159
156 154
162 150
158 109
106 65
163 128
164 165
166 109
167 94
95 167
168 9
169 12
170 13
170 171
172 170
173 50
173 172
174 50
175 96
175 98
175 176
171 170
171 177
178 81
176 179
176 175
180 162
181 138
182 9
183 81
183 184
183 185
183 186
187 149
188 63
118 39
118 189
190 191
192 118
193 190
193 189
193 194
189 118
189 195
194 193
191 179
179 190
196 190
197 198
199 191
200 20
201 20
201 202
203 204
203 205
22 20
22 206
184 22
207 200
204 201
204 208
206 204
209 201
208 204
205 203
210 85
211 183
211 212
211 213
211 214
211 215
185 216
217 183
217 218
217 219
220 183
212 221
212 222
212 223
213 224
214 225
214 226
227 213
215 211
228 229
230 231
221 212
221 232
221 233
221 234
221 235
221 236
222 212
222 237
222 238
222 239
223 240
241 212
241 242
243 212
243 221
244 245
244 212
246 238
247 185
248 247
248 185
216 233
249 250
251 185
252 253
252 254
252 255
256 257
256 258
259 260
259 261
262 257
262 263
264 265
266 257
267 230
267 212
267 268
269 270
231 230
231 241
270 230
270 269
271 256
271 237
271 272
273 274
273 275
232 233
233 276
233 277
278 232
278 279
276 280
276 281
276 282
279 278
279 221
279 236
283 278
283 232
235 278
235 279
235 284
235 285
236 279
236 286
287 221
287 288
289 278
289 221
290 221
290 236
291 279
292 236
286 221
293 247
294 214
238 295
296 223
296 265
296 295
240 297
298 223
295 238
299 237
277 300
277 301
302 233
281 270
303 248
304 305
274 211
274 306
307 308
309 241
310 307
311 312
313 310
314 309
306 310
245 212
315 243
268 316
317 318
319 276
280 319
320 276
320 280
225 294
226 321
322 323
324 277
325 223
326 221
326 327
326 328
326 329
326 330
331 279
331 283
265 326
265 260
332 259
332 326
328 326
329 328
333 297
334 259
335 259
284 283
284 221
336 337
338 337
338 339
338 340
339 263
263 339
341 317
342 318
343 265
312 311
312 344
312 265
253 345
346 231
347 231
348 346
349 348
350 231
351 271
352 353
354 211
354 355
356 311
357 356
358 359
360 359
360 361
362 318
362 317
363 364
363 365
364 354
364 355
355 364
344 257
366 367
366 368
368 366
369 322
370 287
275 273
340 337
340 338
340 263
321 226
371 321
372 373
254 255
374 274
375 317
375 341
375 342
375 318
376 219
377 378
379 102
380 379
380 381
382 383
382 379
384 383
385 386
386 385
387 388
177 389
390 391
392 393
394 395
396 229
229 228
229 397
229 398
398 399
