0 1
2 0
2 3
4 5
6 5
7 8
7 9
8 10
8 11
8 12
8 13
14 7
14 15
14 16
17 7
17 18
17 19
19 7
20 21
20 22
20 23
20 24
20 25
26 27
26 28
26 29
26 30
31 32
31 33
31 34
10 35
28 36
28 37
38 26
38 21
38 39
38 40
38 41
42 43
44 8
12 8
12 45
12 46
13 47
13 48
49 8
50 8
15 14
15 51
15 52
15 53
15 54
55 14
55 15
56 57
56 58
59 14
59 60
16 14
61 62
61 15
61 36
61 63
61 64
61 65
66 14
51 67
52 27
52 68
53 69
70 51
67 51
71 51
43 26
43 10
43 72
29 26
29 73
29 74
75 26
76 77
78 79
80 81
80 78
80 31
82 83
33 78
84 85
84 31
84 86
87 88
87 89
90 9
90 91
90 45
90 92
93 94
95 55
96 55
96 97
62 53
98 26
98 99
100 43
100 36
101 102
103 72
68 52
68 104
45 21
45 105
45 106
77 33
77 76
107 15
107 10
107 108
107 109
35 10
110 111
110 10
112 55
112 113
113 112
114 115
116 57
115 117
57 118
57 116
58 119
58 120
58 121
122 62
122 123
123 122
124 122
124 125
36 126
127 128
129 130
64 61
131 36
126 36
126 131
132 36
132 100
118 116
133 57
134 118
134 135
136 71
136 63
65 61
81 90
81 137
138 92
138 139
92 90
21 38
21 45
39 140
39 41
141 38
141 21
142 38
143 140
143 38
40 21
41 38
41 40
109 144
18 17
137 145
137 86
137 146
147 81
148 149
150 81
151 81
152 78
153 91
154 155
154 156
155 102
156 155
157 155
158 91
145 159
145 160
145 161
146 137
73 29
162 80
105 76
105 45
105 149
160 85
74 21
74 13
74 38
120 121
121 58
121 120
163 164
165 163
166 119
69 114
167 147
168 169
170 68
171 119
172 171
99 98
99 173
174 173
174 98
175 7
94 148
46 100
47 13
47 176
177 47
177 48
177 176
102 101
102 154
178 179
178 180
181 101
182 183
182 184
182 102
182 185
186 187
188 189
188 190
164 74
164 163
164 191
192 193
194 37
194 195
194 196
197 198
199 195
195 199
200 199
183 201
183 202
183 182
202 203
204 205
206 20
206 207
22 20
23 20
23 24
23 208
209 20
25 210
211 212
211 210
213 214
215 216
217 164
218 219
218 220
218 221
222 223
222 224
222 225
226 188
226 227
226 228
190 229
230 231
230 232
233 234
233 235
219 236
237 238
237 239
221 218
240 195
241 230
241 232
241 242
241 243
241 244
245 246
245 247
245 248
245 249
231 230
231 250
231 251
231 252
232 253
232 254
255 256
257 246
257 258
257 259
260 253
260 251
261 245
261 250
261 262
262 261
262 222
262 263
262 264
265 266
267 222
268 269
268 228
270 271
270 178
234 233
234 272
234 273
235 233
235 274
250 231
250 261
250 241
253 230
242 244
243 242
275 255
244 241
244 242
276 277
276 250
276 278
279 277
280 219
281 220
281 282
283 245
283 284
266 265
246 283
246 257
246 285
246 286
271 270
271 287
271 288
289 245
289 290
285 247
285 284
286 246
247 245
247 286
247 248
247 291
247 292
293 285
293 245
293 284
248 245
248 247
294 245
294 286
292 293
295 261
238 230
238 231
251 296
297 298
254 296
254 299
300 301
296 251
296 254
302 250
303 266
264 298
304 305
304 256
304 306
307 218
307 256
308 309
310 311
312 313
306 314
315 230
259 257
316 253
317 271
318 319
318 271
318 320
321 271
287 321
322 271
322 287
323 271
239 238
324 237
324 325
326 327
185 248
328 223
329 300
329 270
329 232
314 305
330 245
330 270
330 331
330 184
332 285
332 283
333 334
333 335
336 330
336 337
337 338
184 330
339 248
298 297
340 329
341 270
342 270
342 341
343 344
344 343
344 345
345 346
291 245
347 348
338 337
338 349
273 234
320 318
320 350
334 333
309 308
309 351
335 333
227 226
227 352
353 226
228 226
354 227
354 355
278 276
356 278
356 276
357 218
357 358
359 360
361 362
363 364
365 357
365 358
365 366
358 365
358 367
367 357
360 359
360 365
360 308
368 221
368 369
369 368
282 281
349 348
325 370
371 372
371 373
374 337
375 268
375 376
313 306
377 318
377 378
377 350
355 354
379 380
381 382
383 382
384 385
386 387
386 388
388 386
389 390
389 391
180 392
393 178
393 394
395 178
396 393
397 240
398 399
400 401
402 403
