0 1
0 2
2 0
3 4
3 5
3 6
6 7
6 8
7 9
7 10
8 11
8 12
13 14
15 16
15 12
15 17
15 18
15 19
15 20
21 22
21 23
21 24
25 26
25 27
25 28
25 29
30 31
30 32
33 21
33 34
33 35
36 37
36 38
39 7
40 41
42 43
44 45
11 46
12 8
12 47
48 8
48 49
50 8
50 42
50 51
52 53
54 42
55 50
22 56
22 57
22 58
23 52
59 21
59 60
61 21
62 63
62 64
65 24
66 62
24 65
67 21
68 69
70 71
26 70
26 25
26 72
27 25
73 25
28 25
28 69
74 25
74 75
76 73
29 74
29 77
29 78
79 80
79 81
79 82
79 83
84 85
45 86
87 86
88 22
89 90
89 54
56 22
56 21
56 91
56 92
93 22
93 94
58 22
95 52
96 97
98 85
69 68
99 30
99 100
31 53
31 42
31 56
31 101
31 102
103 30
32 30
104 44
104 105
104 106
104 107
106 105
106 46
46 44
46 108
109 58
110 53
111 109
111 88
112 88
94 113
94 114
115 79
116 117
118 119
120 121
122 89
90 123
90 124
125 126
125 12
125 89
125 127
125 128
114 129
114 130
130 94
130 114
130 116
131 114
132 133
132 106
132 108
134 46
135 46
108 132
136 137
138 55
47 12
139 25
139 140
139 141
80 81
80 83
83 79
142 143
142 144
145 146
143 33
35 147
35 142
144 33
144 147
101 148
102 31
149 123
149 107
150 151
151 139
71 70
152 71
152 153
153 70
154 115
126 30
126 155
155 156
157 155
157 120
158 115
159 150
160 159
160 161
75 150
37 59
72 26
162 14
161 59
163 59
164 147
164 33
165 137
165 166
165 167
168 161
169 168
124 90
170 98
171 160
172 59
173 174
128 125
175 176
177 178
179 6
180 181
182 183
184 41
184 185
156 93
156 126
156 186
183 187
186 188
186 189
190 172
191 192
191 193
191 194
195 196
197 10
198 164
198 168
121 199
121 200
201 202
199 202
203 202
204 202
204 120
204 199
205 206
206 205
206 207
207 206
208 209
208 210
211 15
211 189
211 212
19 211
20 213
20 208
214 208
214 209
192 20
209 214
189 211
189 215
189 213
212 211
212 216
216 217
77 29
218 219
218 220
218 221
218 222
218 223
193 224
193 225
193 226
193 227
194 191
194 228
194 229
230 191
231 232
231 191
233 234
233 235
219 236
220 218
220 237
221 238
221 239
221 240
221 241
223 242
223 243
244 220
245 46
245 246
247 248
247 249
250 224
250 251
250 252
253 254
253 255
253 256
248 257
248 258
248 259
248 260
261 250
261 233
261 262
251 233
251 250
234 263
234 233
235 233
235 255
224 254
224 264
264 224
264 193
265 266
226 193
267 193
227 268
227 269
227 270
271 219
271 272
273 274
273 275
236 219
236 276
236 277
236 278
279 280
279 219
281 219
254 253
254 247
254 272
282 283
249 284
285 249
284 249
284 286
284 287
284 288
289 247
290 220
291 220
291 292
291 222
293 266
266 294
295 296
295 252
297 266
297 273
297 298
262 261
296 250
296 274
296 299
296 300
296 301
252 295
252 293
302 303
299 252
299 250
299 301
304 302
300 295
305 252
306 299
301 250
301 296
255 307
257 308
258 280
258 307
259 309
307 258
294 310
311 297
312 266
313 308
292 220
292 314
292 315
316 261
316 218
317 314
317 315
314 317
318 292
318 317
319 316
320 318
320 321
315 321
263 235
322 251
241 221
283 241
323 297
323 271
310 297
310 324
310 325
326 297
326 327
239 238
328 239
329 294
330 248
274 273
274 331
274 332
333 296
280 279
280 334
335 259
335 274
336 274
331 335
331 337
337 331
188 274
309 259
309 330
338 309
339 273
340 341
342 340
342 341
341 342
303 252
343 236
344 343
345 324
324 325
346 314
346 347
348 280
348 334
269 349
269 227
286 284
268 225
350 351
350 272
350 352
353 354
353 355
356 314
357 335
358 357
359 360
361 324
362 250
363 353
363 290
347 219
364 356
365 223
243 365
366 291
367 343
367 277
367 278
368 240
368 369
369 368
370 307
371 372
373 372
372 373
270 227
321 374
321 292
321 320
375 324
375 325
376 99
376 377
378 379
380 381
380 382
379 378
377 378
383 378
384 377
382 381
385 386
387 183
387 388
389 183
390 183
391 392
393 245
246 245
246 393
246 394
395 396
396 395
397 246
394 398
