0 1
0 2
3 4
4 0
4 5
4 6
7 8
7 9
7 10
8 6
9 7
10 4
10 11
10 12
10 13
11 14
11 15
11 16
11 17
12 18
12 19
20 21
20 22
22 10
13 23
13 24
25 26
25 14
25 27
25 28
25 29
25 30
31 11
31 32
31 33
31 34
31 35
36 37
36 38
14 25
14 11
14 39
40 41
40 42
40 43
44 26
44 25
44 11
44 45
15 46
16 47
48 49
17 11
50 12
50 51
50 19
18 50
19 50
19 52
53 37
53 54
23 55
23 56
57 12
58 50
58 59
51 60
61 62
63 12
59 64
65 66
26 11
26 36
26 44
26 67
26 68
26 69
28 25
70 71
71 25
72 73
74 25
74 29
30 70
75 76
77 78
77 79
80 77
80 31
80 81
82 31
33 31
33 83
35 84
35 76
35 85
86 47
86 87
88 89
90 91
91 92
93 26
93 94
62 94
62 23
95 25
95 96
68 26
68 62
69 26
97 37
98 51
99 100
101 71
101 36
101 48
101 102
37 53
37 97
37 103
104 36
105 18
105 106
107 108
107 109
106 108
109 108
109 107
52 19
52 110
111 19
111 112
94 62
94 113
54 53
113 94
114 94
115 14
115 116
115 117
115 118
115 119
120 121
122 123
122 124
125 62
126 125
56 23
56 68
56 127
128 129
128 98
116 130
116 119
131 116
132 129
118 115
119 130
133 52
133 134
133 135
135 134
136 65
136 55
137 23
138 31
139 86
41 40
140 141
142 40
143 40
143 41
143 142
141 40
144 40
42 140
43 42
145 146
146 37
146 145
147 145
108 107
108 148
108 109
149 138
149 150
149 151
149 152
149 153
84 138
84 154
84 155
156 157
158 138
158 156
78 77
79 159
134 133
160 161
160 162
161 160
162 161
123 161
129 47
150 149
100 163
164 27
164 165
166 27
166 167
168 48
168 27
169 111
170 112
112 170
171 164
172 164
173 126
174 99
175 176
127 12
154 177
178 169
179 178
96 180
180 95
181 10
182 16
182 117
183 184
49 185
186 48
186 183
186 49
186 187
187 48
187 186
185 49
185 186
188 68
184 189
184 183
190 191
190 192
190 188
190 193
194 10
194 195
157 100
157 196
157 197
198 60
199 168
199 171
200 124
201 202
201 203
202 203
203 202
204 201
204 202
191 205
206 207
208 203
24 13
209 13
209 210
209 211
212 13
210 13
210 209
213 214
215 199
216 213
211 214
217 218
218 209
219 217
220 221
85 35
222 199
196 157
196 223
196 224
196 225
197 226
197 227
197 228
229 230
229 231
229 232
229 233
234 157
235 157
223 196
223 236
237 238
239 196
224 240
241 242
243 239
244 52
244 245
246 247
248 223
248 249
248 250
248 251
248 252
253 254
253 255
253 256
253 257
258 248
258 259
250 260
249 248
249 247
261 262
227 263
228 264
265 266
265 232
265 267
268 237
268 269
268 270
271 255
271 237
272 237
238 237
238 273
238 274
275 276
247 236
247 246
247 269
247 277
254 278
279 280
279 281
269 247
269 282
283 282
284 285
284 286
287 239
288 248
288 263
263 289
263 290
263 291
292 288
292 250
292 293
294 271
294 291
294 295
296 258
296 248
296 297
293 248
293 298
293 299
293 300
301 288
301 299
301 302
251 303
251 252
298 301
298 303
298 252
304 248
304 251
305 248
305 293
305 288
252 251
252 298
252 301
306 302
300 248
300 298
240 236
240 224
307 277
255 237
255 253
256 276
256 308
257 309
310 253
311 247
289 312
313 234
290 227
314 263
285 315
285 316
285 317
285 318
315 319
320 258
320 196
321 322
321 323
321 324
317 285
259 320
325 285
325 326
327 328
329 250
330 224
278 330
331 289
331 294
331 248
331 332
331 333
334 335
334 294
334 336
336 294
295 334
337 240
338 339
338 340
339 341
312 304
319 315
342 343
342 344
342 345
302 293
302 248
276 346
347 257
343 342
344 347
344 342
192 342
345 347
345 348
349 257
350 271
351 271
352 351
353 354
355 353
274 273
356 274
356 357
358 332
358 359
332 331
332 358
360 276
361 321
361 362
346 276
230 363
231 230
232 363
233 230
280 279
281 279
266 264
266 265
364 279
365 366
366 365
322 196
322 367
322 368
324 323
369 347
369 370
371 362
371 372
371 368
373 371
373 367
373 368
368 373
368 371
374 323
374 321
242 241
341 339
375 304
376 273
376 377
378 379
380 381
382 267
326 285
326 325
383 331
383 333
384 157
384 233
193 385
385 190
386 101
386 387
386 388
389 101
102 101
390 391
392 102
393 394
395 396
395 397
397 395
398 399
399 398
400 244
245 244
245 400
245 401
401 402
