0 1
2 0
2 3
2 4
3 2
4 1
5 4
5 6
7 5
8 9
8 10
9 8
9 11
9 12
9 13
9 14
9 15
9 16
9 17
10 18
10 19
10 20
10 21
22 8
23 8
23 24
23 25
26 27
27 26
27 8
28 8
28 29
28 30
31 32
31 33
31 34
31 35
11 36
11 37
12 38
12 39
32 40
32 23
32 41
32 42
43 44
43 45
13 9
13 46
14 15
15 14
16 9
47 13
47 48
49 50
18 10
18 51
18 52
18 53
19 54
19 55
19 56
21 18
21 57
58 18
58 59
51 18
51 20
51 60
61 58
62 58
63 31
63 64
63 65
63 66
33 31
33 67
68 35
34 69
35 68
70 71
36 11
36 72
36 73
36 74
36 75
36 37
72 36
72 76
37 77
78 79
78 11
78 80
81 82
81 83
80 78
80 84
85 71
85 86
87 88
87 22
54 56
55 19
56 55
89 63
90 21
90 53
64 31
91 40
66 92
66 93
94 65
60 51
71 70
71 48
71 85
77 37
77 70
38 64
38 95
39 12
96 97
98 99
98 100
101 98
101 99
97 99
102 19
92 89
103 104
105 92
106 89
40 32
40 91
40 107
40 108
48 109
42 32
110 32
110 9
110 111
112 90
112 113
112 114
57 115
116 117
118 40
119 118
120 40
120 91
121 118
121 40
122 101
123 124
125 126
127 11
127 85
128 85
128 129
129 128
129 85
130 44
44 131
132 43
132 44
131 130
131 43
133 43
134 43
135 130
136 95
137 136
137 95
99 138
99 96
24 23
139 127
139 140
139 141
139 142
139 143
140 127
144 127
145 127
146 145
75 147
147 75
148 48
115 57
149 115
149 93
150 115
150 149
151 149
151 150
151 115
152 139
153 141
153 154
76 72
155 140
155 24
156 79
67 33
157 49
158 126
159 160
114 112
161 71
154 153
162 57
162 163
100 98
164 144
164 165
166 167
166 168
169 166
168 166
170 64
171 170
88 143
172 49
172 173
174 175
50 49
175 176
175 50
93 91
93 66
173 177
173 172
178 179
180 101
181 78
181 155
181 182
181 183
184 47
185 186
160 157
160 159
160 187
188 41
189 190
189 191
190 189
190 192
191 189
191 190
193 194
194 195
196 195
197 194
198 197
199 28
199 200
29 28
201 202
30 28
30 199
200 30
203 199
204 201
204 205
206 207
208 209
84 210
211 160
212 181
212 213
212 214
212 215
212 216
182 217
182 218
182 219
182 220
221 181
221 222
221 223
221 224
225 183
183 225
226 227
226 228
226 229
226 230
226 231
213 232
215 233
234 213
235 236
235 237
227 238
228 231
228 239
229 226
229 240
229 241
230 242
243 244
231 226
231 228
231 245
246 241
217 182
247 217
247 248
219 182
249 250
251 182
252 253
252 254
255 242
255 256
257 253
257 258
240 227
236 226
236 246
259 227
259 260
261 227
261 259
238 227
238 243
238 262
260 259
260 263
264 252
264 240
264 265
254 252
233 266
233 267
232 213
268 228
268 250
268 239
250 269
250 270
271 268
271 272
273 243
273 228
273 274
275 276
275 277
275 278
275 239
272 279
280 281
277 275
277 272
277 228
277 281
277 239
282 228
282 280
282 271
278 271
278 272
283 277
239 228
239 277
284 217
285 214
286 287
288 276
288 289
288 290
291 240
291 229
291 292
270 225
293 249
294 250
248 295
266 213
266 296
266 297
266 298
296 299
300 266
300 212
300 244
297 296
297 301
297 298
302 296
302 303
302 304
244 243
305 301
305 266
306 231
307 236
307 308
308 307
309 252
310 311
310 312
310 313
314 315
314 263
316 295
316 314
303 285
317 214
318 319
318 320
321 288
321 255
299 296
276 322
276 323
324 228
325 288
326 255
327 276
328 326
328 276
322 329
330 326
330 282
330 325
330 331
289 288
332 333
334 335
334 336
335 334
336 335
281 277
281 228
337 256
338 256
339 340
341 340
311 312
311 342
313 311
304 343
304 307
344 325
344 345
222 223
223 222
346 222
224 221
224 222
347 238
348 238
348 347
349 219
350 351
352 265
353 352
354 302
355 354
356 357
342 310
342 312
358 228
359 360
359 361
359 362
361 363
364 363
362 363
343 359
343 325
365 354
365 359
366 367
340 337
340 338
340 339
340 341
368 317
369 368
370 270
370 371
370 372
372 373
329 322
374 375
376 296
376 305
377 312
377 313
378 379
380 381
380 382
383 384
383 385
383 386
383 387
388 383
388 389
388 390
385 391
392 391
389 388
389 393
390 385
393 388
394 386
395 396
397 173
398 173
399 400
399 401
401 399
402 235
237 235
237 402
237 403
404 402
403 404
