0 1
1 2
3 4
4 3
5 6
6 7
8 9
9 10
7 9
7 11
7 12
11 13
11 14
11 15
11 16
11 17
11 18
19 20
19 21
19 22
23 24
23 25
26 7
27 28
27 29
13 30
13 31
30 11
30 32
30 33
30 34
35 36
14 11
14 23
14 37
38 39
38 40
41 42
41 13
41 43
15 44
16 11
17 41
17 37
45 46
20 47
48 20
48 49
50 19
50 51
52 19
52 53
52 54
21 19
28 55
28 20
28 56
57 58
47 52
59 55
59 60
61 57
61 62
63 57
58 57
58 63
42 55
42 64
65 13
65 47
31 13
31 66
31 67
68 69
70 69
71 30
71 72
71 73
74 30
74 75
75 76
75 74
75 30
32 30
77 78
33 30
33 79
34 78
80 72
80 33
80 81
80 82
83 76
83 37
83 84
83 85
86 87
88 89
90 48
90 91
91 49
55 92
55 28
55 93
55 59
94 42
94 13
94 95
96 42
64 55
64 97
98 99
100 36
101 47
101 102
85 37
85 103
85 104
72 71
73 105
73 35
36 20
36 35
36 94
106 35
107 35
108 109
109 108
109 110
60 111
112 113
112 114
110 111
113 115
113 116
51 50
51 117
97 92
97 55
54 53
118 92
119 92
120 121
120 96
37 83
37 122
123 124
125 14
125 126
93 127
93 109
93 128
129 28
129 55
126 120
126 101
121 120
124 121
130 121
130 96
131 121
114 113
114 132
114 112
133 134
134 58
56 28
76 71
76 135
76 136
76 137
76 138
84 139
140 84
140 83
39 38
39 141
39 142
141 38
141 142
143 38
143 39
144 39
40 141
142 40
145 146
111 108
24 129
24 23
135 147
135 148
149 76
147 135
147 76
138 76
150 76
151 74
152 74
153 122
132 113
154 35
154 129
154 155
156 155
156 154
157 37
158 159
158 135
158 160
148 159
161 75
103 71
103 162
163 164
163 158
67 38
67 31
117 51
165 166
167 163
128 93
104 85
168 117
169 136
170 136
170 169
171 117
171 172
95 94
173 94
174 168
174 7
89 147
175 46
176 155
176 177
178 179
178 180
178 181
182 64
177 176
177 183
184 160
185 112
186 7
187 33
187 188
187 189
187 190
191 17
192 65
193 67
193 167
193 194
193 65
195 196
195 197
198 199
199 196
199 200
196 195
196 199
201 202
201 196
203 204
205 198
206 194
206 207
208 209
208 207
210 206
211 206
194 206
212 213
213 212
214 212
215 209
216 215
217 218
219 193
188 187
188 220
188 221
188 222
223 224
223 225
223 226
227 228
189 187
229 189
229 187
220 230
231 232
231 233
221 188
234 188
234 221
222 235
236 188
237 238
237 113
237 239
237 240
230 241
179 242
179 243
179 244
179 245
179 246
247 220
247 248
247 249
250 230
250 251
250 252
250 253
254 220
254 242
255 256
257 248
224 258
224 259
259 223
259 260
261 262
263 223
226 264
265 266
232 251
232 231
232 233
232 267
268 231
233 231
233 269
270 231
238 250
241 251
241 271
241 272
273 230
273 274
275 265
276 265
277 278
279 221
279 280
279 234
279 281
282 221
262 261
262 283
262 284
242 254
242 285
242 286
287 232
287 288
289 179
289 290
285 242
285 291
292 285
292 293
291 286
291 179
291 293
243 292
243 294
295 291
296 297
244 179
245 298
245 291
246 179
246 291
248 247
251 299
252 300
301 302
303 248
303 247
284 287
284 273
304 299
280 305
280 306
280 307
308 280
308 309
305 280
305 310
305 188
305 311
306 308
306 312
306 313
314 315
311 305
316 280
307 315
317 254
318 238
319 287
319 265
288 287
288 320
321 322
321 287
321 323
323 321
324 325
326 327
328 329
330 331
183 243
332 301
332 232
332 333
309 315
334 285
298 285
298 286
335 251
335 336
267 301
267 337
338 267
339 334
339 340
341 267
341 243
341 342
299 343
302 301
344 232
345 232
346 232
347 348
347 349
350 351
352 351
320 353
353 288
353 354
355 335
313 335
356 357
358 227
359 356
360 241
272 241
361 241
362 275
362 363
362 364
365 306
365 366
337 267
367 368
367 337
369 320
278 370
278 366
278 371
370 371
372 370
366 365
366 278
366 306
235 222
235 373
281 279
374 326
375 376
377 378
340 339
379 183
380 288
380 354
381 382
381 383
384 73
384 385
386 387
388 384
387 389
390 178
181 178
181 391
392 178
393 394
395 390
396 397
398 399
240 237
240 400
400 240
