0 1
0 2
2 0
2 3
2 4
5 6
5 7
5 8
5 9
5 10
11 12
11 13
11 14
11 15
16 17
18 19
20 21
20 22
20 23
20 24
6 5
6 25
6 26
6 27
6 28
29 30
29 31
29 32
26 33
26 16
26 34
26 35
26 36
37 6
37 38
37 39
37 40
7 41
7 6
7 42
43 44
8 5
9 45
46 5
12 11
12 47
12 48
49 50
49 51
13 12
52 11
52 53
14 11
21 11
21 33
21 54
21 55
21 56
57 12
57 58
47 59
48 60
61 12
62 63
41 64
41 65
41 66
41 67
68 69
68 42
70 71
70 72
27 28
73 70
72 6
30 74
32 29
75 29
76 29
77 78
77 79
77 80
81 82
80 83
84 85
86 87
88 51
50 49
50 51
64 89
64 90
91 41
91 92
66 41
67 64
67 89
67 93
59 94
45 95
45 30
45 96
97 98
94 12
94 98
99 98
100 98
101 100
102 49
102 103
102 104
102 105
102 106
103 106
104 107
104 48
105 108
105 107
108 109
110 52
111 52
53 52
112 89
112 113
33 26
33 91
33 92
34 114
35 26
35 115
36 116
90 117
90 118
54 17
119 33
119 92
92 91
120 108
120 105
121 108
121 120
122 55
55 122
56 21
85 123
85 124
85 125
126 127
128 84
95 45
129 38
129 130
131 37
131 132
131 129
40 95
40 129
130 40
130 95
133 134
135 133
135 134
107 105
107 106
136 137
136 138
136 139
137 85
137 140
123 85
123 141
124 136
124 87
142 31
143 108
144 145
144 146
147 144
146 144
148 96
149 136
138 136
150 138
150 136
42 68
151 149
152 78
153 68
154 155
156 155
157 155
157 156
118 90
158 159
160 154
60 54
141 161
162 54
162 154
163 164
164 65
165 10
166 165
166 167
167 10
168 169
93 67
93 144
93 170
171 172
173 67
174 77
170 175
170 93
170 176
114 34
177 178
179 180
179 181
179 182
183 25
184 185
186 116
187 36
116 186
188 189
189 190
189 191
192 188
193 187
193 194
195 187
196 193
196 197
198 199
198 200
23 20
23 201
201 198
201 202
203 198
204 201
205 179
205 206
205 207
181 208
181 209
181 210
181 211
212 213
212 214
212 215
212 216
217 218
217 179
182 179
219 220
221 222
221 223
224 225
224 226
227 228
229 108
230 231
232 219
232 233
232 234
232 235
232 171
236 237
220 219
220 230
220 238
220 239
220 240
241 219
241 242
241 243
234 232
234 244
234 245
234 246
247 219
248 219
208 249
250 208
210 251
211 210
252 181
253 254
253 255
222 221
222 171
256 221
256 257
256 258
259 260
259 221
249 230
249 261
262 219
262 220
263 231
264 230
265 241
265 266
254 253
267 253
267 268
269 270
269 271
228 272
273 271
274 275
233 276
244 277
278 279
242 232
242 280
281 244
281 282
281 275
277 274
277 283
277 284
285 281
285 283
282 281
282 277
282 283
282 286
235 232
235 285
235 244
287 244
287 277
288 282
289 277
286 232
290 284
291 208
225 224
237 292
238 221
239 293
240 294
240 295
292 236
218 296
218 176
297 233
298 276
279 278
279 233
299 300
301 302
303 304
305 301
305 243
306 303
306 301
306 307
308 309
243 305
310 301
302 304
302 301
302 309
311 219
245 234
246 234
312 224
313 278
313 314
313 315
316 278
317 316
317 279
317 318
319 225
319 306
226 224
320 321
296 218
176 322
323 209
324 240
324 325
324 220
294 281
294 240
294 326
294 327
294 328
284 274
284 277
284 232
260 239
329 240
329 294
327 329
327 294
330 294
300 331
325 240
332 333
334 239
334 335
336 335
335 337
283 277
283 232
338 256
339 256
257 338
257 256
340 341
342 313
342 315
343 260
213 344
215 344
215 345
216 213
266 265
346 347
251 210
348 242
268 349
268 254
350 205
350 351
350 352
353 307
354 355
356 357
356 255
270 358
270 351
270 359
270 360
351 360
352 351
359 307
359 270
359 306
361 206
362 361
321 320
341 338
341 340
363 364
365 297
365 366
367 366
368 302
368 310
369 315
369 314
370 216
371 372
371 373
371 374
375 97
376 377
372 378
373 378
379 378
380 373
377 381
382 383
382 384
384 382
385 171
386 387
386 388
389 171
390 389
391 229
392 393
393 392
394 395
