0 1
2 3
2 4
4 0
5 6
5 7
8 5
8 9
9 10
7 11
7 12
7 13
11 14
11 15
11 16
17 7
17 18
17 19
17 20
12 7
13 21
13 22
23 7
24 7
25 26
27 7
27 28
27 29
30 31
30 15
30 32
30 33
30 34
35 11
35 36
35 37
14 38
15 11
15 39
15 40
41 11
41 42
41 43
41 44
45 46
16 47
48 11
48 49
48 50
51 52
51 53
51 54
18 55
18 19
18 56
57 58
57 59
20 17
20 60
20 61
28 18
28 62
28 63
64 17
65 18
65 66
55 67
66 65
66 68
66 69
31 45
31 70
31 71
32 30
32 72
73 74
73 75
76 30
77 76
77 30
77 78
79 80
79 81
82 83
36 82
36 35
36 84
85 35
83 35
86 35
87 35
37 86
37 88
37 89
90 91
90 50
90 92
90 49
93 12
94 59
95 96
95 97
95 98
99 31
99 30
99 100
99 101
70 31
70 102
71 31
71 103
104 105
106 100
107 106
107 108
49 50
49 12
49 109
81 74
81 110
81 111
100 20
100 18
100 14
100 112
100 113
38 14
38 114
115 116
116 117
118 119
118 120
117 121
117 115
119 19
119 57
122 123
122 124
122 125
96 126
96 95
60 20
60 127
61 20
128 96
128 126
102 129
50 90
50 130
50 131
40 15
40 132
97 95
133 95
133 71
133 134
135 136
137 102
129 138
139 70
139 129
140 70
140 136
141 137
142 143
142 118
144 119
145 143
145 119
62 122
62 28
69 66
69 62
91 146
91 147
91 148
149 90
150 90
42 49
42 43
43 151
43 152
153 154
151 42
44 43
152 43
152 42
155 112
112 100
113 155
156 116
156 117
21 13
146 157
146 158
146 159
146 160
146 161
157 146
147 162
160 163
160 164
165 91
165 166
167 82
168 82
168 169
168 170
170 168
171 172
173 38
132 174
132 175
132 173
136 50
163 146
158 146
159 158
159 176
177 146
177 82
46 32
178 45
179 163
180 181
72 42
123 182
124 125
124 183
125 122
125 124
183 124
184 180
185 98
109 49
176 159
186 32
182 123
134 17
162 147
187 133
188 187
189 187
101 99
190 182
164 160
164 191
192 193
194 52
52 51
52 53
53 194
53 52
54 194
54 53
54 192
103 70
103 71
193 195
193 196
193 192
193 197
198 199
198 200
201 186
202 118
203 204
203 205
203 179
203 206
203 207
203 208
209 48
210 72
210 211
212 213
214 215
216 217
216 218
217 216
217 215
215 219
220 215
221 218
218 221
222 27
223 27
224 27
224 225
29 27
225 27
225 224
226 227
226 222
205 222
205 226
205 210
228 222
200 224
200 229
200 227
227 224
230 231
229 200
88 37
232 210
233 203
233 234
233 235
233 236
206 237
206 238
239 240
241 203
242 243
242 244
245 246
245 247
245 248
245 249
250 251
234 233
235 252
253 254
255 233
236 119
236 256
257 258
195 259
195 260
195 244
195 261
195 262
195 263
243 242
243 264
243 265
243 266
267 268
267 269
260 242
260 270
244 259
244 271
272 265
273 195
273 206
274 273
274 275
274 276
277 206
237 278
238 279
280 281
246 282
246 245
246 283
246 284
246 193
248 245
248 285
249 245
264 243
264 273
264 286
287 242
288 289
288 290
289 260
289 291
289 292
289 293
290 294
295 280
296 297
296 250
252 235
252 298
299 195
300 299
300 301
300 294
259 302
303 246
303 304
303 305
306 260
306 195
302 259
302 195
302 307
302 308
261 299
309 195
309 302
309 310
309 311
307 302
307 261
307 195
307 311
312 195
308 259
308 261
313 314
313 307
262 299
315 316
263 307
317 273
265 318
268 245
269 267
269 319
269 318
320 321
318 265
318 243
318 322
294 303
323 300
276 303
324 250
324 325
324 326
324 327
324 328
325 329
327 325
327 330
327 328
329 325
329 331
332 324
270 324
333 332
328 330
334 234
335 303
335 336
196 304
196 294
196 337
338 234
338 339
340 312
341 267
330 325
282 319
282 199
316 195
319 269
283 320
283 246
283 342
343 283
344 345
346 283
346 312
347 348
321 320
321 341
349 246
350 351
350 352
348 347
310 309
353 248
354 355
356 336
357 358
240 358
359 239
359 360
361 289
362 363
364 362
364 286
365 286
366 233
366 367
366 368
369 370
371 329
371 369
372 373
374 375
374 335
363 295
363 195
297 376
297 367
367 366
367 368
367 377
368 366
377 366
376 245
370 369
370 297
254 253
378 254
379 380
381 312
298 252
355 345
339 338
382 338
383 241
383 384
383 385
384 385
385 384
386 344
279 387
387 238
388 325
389 372
360 359
390 81
390 391
390 392
111 391
111 392
392 393
392 111
394 395
396 193
396 397
398 399
400 236
256 236
256 401
402 400
402 401
401 256
