0 1
0 2
0 3
4 1
5 2
2 0
2 5
3 6
3 7
8 9
8 10
8 11
12 13
14 3
15 3
15 16
15 17
6 3
7 3
18 19
18 20
18 21
18 22
18 23
9 24
9 25
9 26
10 27
10 28
10 29
30 31
30 32
33 9
33 8
33 34
33 35
36 8
36 9
36 37
36 38
36 39
40 8
41 8
11 8
11 42
43 40
42 44
45 46
45 19
45 47
48 12
49 45
13 12
13 31
19 34
19 50
19 51
19 52
19 53
46 45
54 12
54 55
54 13
54 56
57 12
58 46
59 60
24 61
25 9
62 63
64 62
65 9
63 9
63 62
26 64
66 9
67 68
67 69
27 29
28 10
70 10
29 10
71 10
71 72
71 73
74 75
73 71
73 76
73 77
78 68
78 79
78 80
78 81
82 48
82 83
84 48
84 82
85 24
85 86
87 88
89 24
89 34
61 51
90 91
56 54
68 35
68 92
69 67
93 94
93 95
31 96
97 98
98 30
99 48
100 101
102 99
103 104
105 12
105 106
105 107
86 108
86 61
109 13
110 109
111 86
34 33
34 112
34 89
34 113
34 114
35 78
115 116
115 117
118 33
119 120
119 121
122 108
123 122
123 124
51 125
51 19
126 34
112 127
116 34
128 34
128 129
130 131
130 102
132 131
132 103
104 103
50 105
50 52
52 59
133 10
133 78
134 79
79 134
79 78
80 135
81 134
37 36
38 39
136 38
137 37
137 38
138 37
138 36
139 140
140 139
96 31
141 31
142 143
142 144
145 133
146 133
147 143
148 133
149 133
150 27
151 152
153 58
154 35
125 30
125 155
155 156
120 156
120 155
129 126
129 35
143 142
157 158
157 159
157 160
144 158
161 67
162 37
162 42
162 36
162 25
106 105
163 107
163 164
107 105
107 163
165 166
167 165
124 123
159 157
160 25
168 146
169 146
170 171
172 87
88 172
173 147
174 42
174 175
44 176
177 42
177 176
178 89
178 61
178 125
175 179
175 180
175 181
182 178
182 183
184 3
185 71
185 161
185 186
187 162
187 165
121 119
121 188
121 189
190 191
189 121
191 188
191 192
192 191
193 194
194 190
194 193
194 195
195 194
196 197
22 18
22 198
197 196
197 199
200 201
199 196
198 202
198 203
204 21
202 198
76 73
76 205
206 207
206 208
206 209
210 185
210 211
210 212
210 213
210 214
215 185
215 216
215 217
215 218
219 220
221 219
207 222
207 223
224 225
208 226
227 228
229 208
230 206
230 231
232 207
232 233
234 207
234 223
234 235
234 236
234 237
234 238
234 239
222 207
222 240
222 241
233 232
233 242
233 243
244 234
244 207
223 234
223 245
223 246
223 247
248 207
249 241
211 250
211 251
251 210
251 252
253 254
213 255
256 257
256 217
225 224
225 258
225 259
180 260
180 261
262 224
262 263
264 224
265 266
250 222
250 232
267 207
268 232
268 269
270 244
270 271
270 272
273 232
273 269
273 274
258 250
275 225
276 208
277 234
255 278
255 220
245 277
260 234
260 180
235 234
235 236
235 279
235 280
281 277
281 282
281 279
283 235
283 281
283 237
236 280
237 234
237 245
237 183
238 234
238 281
284 285
284 236
286 235
287 236
280 236
240 222
240 227
241 222
241 288
289 290
242 291
242 292
243 293
294 233
288 241
295 250
278 255
278 219
220 255
296 255
296 213
274 260
297 298
297 299
297 300
297 301
298 297
298 302
300 302
303 304
303 305
303 306
307 300
308 307
301 300
309 244
310 249
311 223
312 227
313 278
313 260
313 314
315 260
315 179
316 317
318 319
254 180
293 243
293 291
293 320
293 321
293 322
293 323
279 277
291 242
291 324
320 243
320 293
321 320
325 243
325 254
326 243
326 325
261 327
327 261
328 329
330 328
329 330
329 294
282 283
331 262
263 262
332 333
314 334
314 335
334 313
334 314
324 291
306 303
336 291
337 338
338 215
217 256
218 215
218 338
339 270
340 272
257 212
341 258
341 342
341 343
304 344
304 345
346 303
346 305
347 320
348 320
348 347
349 320
335 334
342 350
342 258
351 352
351 345
353 304
353 344
352 291
354 305
355 356
319 318
333 357
333 263
333 332
317 316
358 288
359 220
359 360
359 361
361 362
363 364
365 298
365 308
366 218
367 368
369 93
369 370
369 371
369 372
94 93
95 370
95 371
373 374
373 375
371 95
372 369
375 374
375 371
376 374
377 175
378 379
380 230
380 231
381 382
