0 1
2 3
4 5
5 6
7 4
8 9
8 10
8 11
12 7
12 13
12 14
15 7
16 17
18 19
20 7
20 21
20 22
20 23
20 24
9 25
9 26
9 27
10 28
10 29
10 30
10 31
10 32
10 33
34 35
34 36
34 37
38 39
38 40
38 41
42 43
42 44
45 9
45 8
46 8
47 48
11 49
11 39
48 47
48 50
48 51
52 8
53 12
53 54
55 53
54 53
13 56
57 12
57 53
21 58
21 59
21 60
14 12
14 53
61 25
61 62
63 53
63 64
65 53
66 67
66 68
35 9
35 45
35 69
35 70
71 9
26 72
73 26
74 72
75 49
28 76
28 77
29 78
29 28
29 10
29 79
30 10
80 81
31 10
31 28
31 82
83 10
83 33
81 10
81 80
81 32
32 81
33 83
33 84
33 85
86 78
86 39
86 87
86 88
89 90
89 15
91 92
93 35
93 94
93 21
93 95
93 96
97 35
97 9
97 98
99 35
99 58
70 93
70 94
70 100
101 35
102 61
49 15
49 86
49 103
49 104
82 75
105 75
106 53
106 34
107 34
108 109
108 110
111 110
110 111
110 109
112 55
112 113
112 114
113 112
94 115
94 116
117 13
117 56
118 115
58 119
58 99
39 120
41 121
41 122
41 123
124 93
95 93
95 124
96 21
119 125
119 102
126 58
127 126
127 128
129 127
130 125
128 58
131 132
131 133
59 113
134 59
78 75
78 135
78 136
137 86
137 88
87 138
88 137
43 139
139 140
141 43
142 141
142 139
143 139
44 42
144 145
146 144
146 145
147 106
148 110
135 136
135 149
150 78
151 78
136 152
136 78
136 90
153 78
154 78
155 28
120 39
132 114
156 157
121 157
121 158
152 103
159 135
103 75
103 49
160 161
162 43
162 71
163 164
165 160
104 49
166 167
168 169
170 151
171 97
172 171
169 7
90 136
173 99
174 175
50 176
176 50
51 48
100 99
100 70
100 177
175 178
177 100
177 179
167 166
180 181
180 182
183 11
122 41
122 184
123 185
186 187
188 187
187 189
190 186
190 188
191 185
185 123
185 191
192 123
193 185
194 191
195 196
195 197
22 20
198 20
23 20
24 20
197 195
199 22
200 22
201 200
202 203
203 202
84 204
205 204
206 207
208 209
208 210
208 211
212 213
181 180
181 214
181 215
181 216
181 217
218 219
220 180
219 218
221 222
221 223
224 208
224 225
226 227
226 208
209 208
228 112
228 188
228 229
230 231
230 232
230 233
230 234
230 235
230 236
230 237
230 238
222 239
222 227
222 240
222 241
242 243
242 244
242 245
223 230
223 221
234 221
234 246
247 248
247 221
231 239
231 249
249 212
250 233
251 252
251 253
254 235
254 255
254 252
254 256
254 175
257 252
257 258
257 259
260 252
239 261
262 242
263 264
265 266
265 263
267 268
267 269
264 266
261 251
261 239
261 270
271 251
272 251
272 273
274 275
276 277
276 209
276 278
232 230
233 279
233 280
281 234
235 282
235 283
284 285
286 281
286 230
287 230
288 286
289 230
289 290
236 230
291 281
291 287
292 289
290 288
290 230
290 289
293 294
238 230
238 289
240 295
255 252
243 244
243 295
244 296
244 297
244 298
245 242
295 240
295 243
295 299
300 239
301 179
279 233
302 250
280 303
304 233
277 305
305 306
307 223
307 208
308 309
308 310
306 277
306 311
306 312
313 307
314 277
310 308
248 221
315 316
317 235
317 318
317 319
303 282
303 235
303 280
320 235
320 303
321 227
321 306
322 226
323 324
323 325
326 301
179 236
296 230
296 327
296 328
296 329
296 330
296 331
294 232
294 287
294 230
327 332
328 244
329 328
329 296
330 296
330 333
331 328
331 327
297 244
298 244
334 254
256 334
335 336
337 338
339 289
339 230
258 340
258 257
341 330
259 341
259 257
259 342
318 343
344 317
344 319
345 315
214 181
214 215
214 216
217 181
217 214
217 216
268 267
346 267
346 347
348 318
273 270
311 349
312 350
351 312
352 353
354 353
343 344
355 241
275 356
275 349
275 357
349 275
349 357
358 275
356 252
350 275
359 210
278 276
342 258
360 361
299 295
362 363
364 365
365 364
333 330
366 367
368 305
368 310
368 277
368 314
369 319
370 354
371 177
371 372
372 371
373 374
373 375
376 105
377 378
374 379
374 380
378 377
378 373
381 382
381 383
383 381
384 331
178 385
386 175
386 387
388 175
388 389
385 178
229 228
229 390
391 392
390 393
