0 1
2 3
4 5
5 4
5 6
7 8
9 5
6 10
6 11
12 6
12 13
12 14
12 15
12 16
10 17
10 18
10 19
20 6
20 21
22 23
22 11
24 6
11 6
25 26
25 6
25 27
25 28
25 29
30 31
30 32
30 33
34 35
34 36
34 37
38 39
38 40
38 41
31 12
31 22
31 42
43 44
43 45
13 39
13 30
13 12
13 46
47 48
48 12
49 12
15 50
17 51
17 52
17 53
54 17
54 55
18 17
18 56
18 57
58 10
58 59
60 61
19 17
51 62
53 17
63 17
64 65
66 67
39 68
39 69
39 70
71 30
72 73
74 33
35 75
36 76
77 78
79 34
79 80
78 77
37 81
37 82
83 84
83 85
83 86
21 20
87 55
88 87
68 38
68 89
69 90
69 91
92 39
92 93
94 95
96 40
62 51
62 97
84 98
84 83
84 99
100 101
100 35
100 102
40 17
40 38
40 103
104 38
104 105
106 54
106 107
106 108
107 106
107 109
108 109
110 106
109 111
109 106
109 107
56 18
56 112
56 113
57 56
57 10
114 115
114 116
59 117
118 59
116 114
116 115
119 115
93 120
93 92
93 121
122 27
42 123
42 124
125 68
126 68
126 23
127 62
120 93
121 92
121 120
121 128
129 130
131 132
131 113
133 56
134 57
135 66
135 134
61 60
136 35
136 83
136 137
138 83
138 85
85 83
27 138
27 83
44 84
139 44
140 43
140 141
142 44
142 43
143 142
45 44
144 44
145 146
145 103
147 40
111 110
111 109
148 136
148 149
150 136
150 151
150 152
149 153
149 136
132 56
154 104
154 155
155 156
157 155
158 154
159 98
153 148
160 161
162 76
163 43
163 32
164 165
166 167
99 84
168 169
170 86
152 150
171 172
90 173
173 90
174 165
174 6
175 15
176 177
177 178
178 15
156 70
156 154
156 179
180 181
180 175
179 182
179 156
179 183
169 168
184 110
185 186
185 187
188 14
189 190
191 186
123 42
123 192
124 193
124 182
124 194
195 123
193 192
196 197
182 198
182 179
199 186
28 25
200 201
200 202
200 203
29 25
204 199
205 206
206 199
207 208
207 202
202 200
81 37
81 209
210 185
210 211
210 212
187 213
187 214
187 215
216 185
216 217
216 218
216 219
216 220
221 222
221 223
221 224
224 221
224 185
225 226
225 227
228 229
228 230
231 210
231 232
231 233
234 235
234 236
211 231
212 237
212 210
238 210
238 239
240 225
240 241
240 242
243 244
243 245
243 246
243 226
243 247
243 248
243 249
243 250
251 252
241 242
241 253
241 254
255 243
226 225
226 256
226 257
227 258
244 243
244 187
244 259
260 187
214 187
214 261
262 245
262 187
215 187
263 187
264 261
264 219
264 265
229 266
229 267
230 268
230 269
230 253
230 228
230 270
271 228
271 272
273 228
259 266
242 225
242 241
274 240
274 275
276 255
276 277
275 278
266 229
266 279
267 229
280 229
281 282
281 231
232 211
232 283
245 284
245 278
246 285
269 286
269 230
269 278
269 287
269 288
289 255
289 243
289 290
291 246
291 243
291 292
293 243
293 291
293 285
293 294
293 295
292 291
292 243
294 296
297 285
247 298
299 243
299 292
250 243
250 291
235 225
258 227
253 228
253 300
301 241
301 302
301 303
301 304
254 268
254 305
306 241
307 259
222 221
308 245
309 260
310 210
310 311
310 312
310 313
311 314
315 316
315 314
315 313
312 317
318 319
313 310
320 225
320 227
321 234
322 222
322 323
322 324
325 234
325 326
327 222
328 222
268 329
330 291
330 331
330 243
302 301
302 332
333 254
298 268
329 268
329 334
334 335
334 268
334 329
336 333
336 268
336 337
338 254
338 101
339 340
341 300
342 343
272 343
272 271
335 272
335 271
323 322
323 324
344 302
345 346
217 218
217 347
347 216
219 347
348 276
277 276
237 323
237 276
349 266
349 279
350 266
279 266
279 349
317 351
317 352
353 354
355 333
355 356
357 333
282 346
351 282
358 317
358 351
358 282
346 282
359 360
296 294
283 232
361 362
363 325
326 325
326 363
364 365
366 364
367 334
368 264
368 265
369 323
183 370
102 100
102 371
372 100
373 374
373 375
371 376
377 372
374 378
376 379
380 180
381 180
382 383
384 238
384 385
384 239
239 238
386 385
387 239
