0 1
2 3
4 5
4 6
5 4
5 7
5 8
7 9
8 10
8 11
12 13
12 14
12 15
12 16
10 17
10 18
19 8
20 21
20 22
20 23
24 25
11 25
11 26
11 27
11 28
29 12
29 30
29 31
29 32
29 33
29 34
35 36
37 30
37 38
37 39
37 40
37 41
42 29
42 12
42 43
42 44
45 29
45 46
45 47
48 29
48 12
13 12
49 13
49 12
14 12
50 51
16 12
52 10
52 53
52 54
52 18
52 55
56 52
56 57
56 58
54 52
54 59
17 60
18 52
61 52
61 62
61 11
63 10
53 52
64 65
64 17
66 67
30 12
30 68
30 48
30 69
30 70
30 71
72 29
73 74
73 75
76 29
34 32
77 78
77 79
80 81
80 35
80 82
83 35
84 35
79 35
79 85
86 35
87 35
87 88
36 89
36 86
36 90
91 81
91 92
93 19
94 57
68 37
68 95
68 96
69 30
69 97
69 98
99 30
99 100
101 92
101 102
85 103
104 105
104 37
38 17
38 52
38 106
39 41
40 37
107 108
109 107
109 110
111 112
111 113
59 114
115 54
116 17
60 116
117 118
43 119
43 99
92 120
121 122
123 42
44 124
125 126
125 127
96 128
96 129
119 43
119 130
119 131
119 132
133 99
133 43
133 121
100 99
100 134
132 130
112 135
112 111
114 135
62 115
81 136
137 91
137 138
139 91
46 101
46 140
46 141
140 142
143 45
142 140
144 45
47 140
145 146
147 38
110 111
110 108
136 148
136 149
150 81
89 81
89 151
89 152
153 81
154 81
78 77
155 156
157 158
135 159
135 114
128 39
128 160
128 161
162 128
163 136
164 165
166 77
167 101
165 168
169 170
171 46
171 15
171 45
172 115
173 174
175 115
176 165
177 164
178 170
178 179
178 180
129 172
181 89
152 89
182 172
183 8
98 184
185 186
51 50
51 99
187 15
188 189
188 190
189 187
189 191
191 190
191 189
192 99
192 193
194 187
194 195
180 178
196 111
197 8
198 86
198 199
198 200
201 163
202 50
203 72
204 176
205 206
124 207
206 208
206 209
208 206
209 208
210 205
210 211
212 205
212 211
26 213
27 11
27 214
215 11
28 27
216 26
217 26
218 26
218 216
213 26
219 220
219 214
214 219
221 222
223 222
224 36
225 226
227 198
227 228
227 229
227 230
231 232
231 233
231 234
231 235
231 236
237 238
228 239
228 240
228 241
228 242
243 244
245 227
245 246
247 248
229 245
249 250
249 227
249 251
230 227
252 253
252 208
239 241
240 254
240 255
240 256
240 257
258 259
241 228
241 260
241 261
262 228
242 263
242 264
265 266
265 228
267 240
267 268
267 232
232 267
232 231
269 231
236 270
271 243
271 272
273 260
274 275
274 243
268 239
268 276
253 228
277 278
279 280
278 239
278 277
278 281
282 271
272 271
283 284
285 286
287 240
287 288
287 289
288 281
263 240
263 290
254 291
254 292
254 281
255 262
255 293
290 263
290 294
290 289
295 287
295 296
297 298
299 300
299 289
256 240
256 297
301 299
300 299
298 297
289 299
302 267
248 247
303 304
303 305
260 243
260 241
261 306
261 305
261 307
261 308
306 309
305 258
310 288
310 311
312 288
313 235
314 288
315 232
316 317
286 318
286 319
320 321
318 227
322 286
323 319
324 262
325 323
325 286
326 319
327 262
266 304
328 242
329 304
311 330
311 331
332 292
332 254
332 281
332 333
333 254
333 332
334 248
335 336
337 310
338 256
338 310
339 290
339 306
339 275
339 340
296 290
296 287
296 240
275 261
341 306
341 342
341 343
344 341
345 346
340 339
347 275
347 348
349 306
349 105
309 306
350 273
351 352
353 351
353 352
354 317
355 356
355 357
358 359
358 360
331 330
361 330
361 331
362 363
364 275
365 366
365 367
368 237
238 367
238 365
369 370
284 369
370 276
371 372
371 373
374 375
376 374
377 341
378 330
378 331
379 259
379 276
380 371
380 363
380 381
380 382
373 372
382 371
382 380
363 243
363 275
375 322
383 335
336 335
384 256
385 285
360 358
386 387
388 389
388 390
391 320
391 326
391 286
391 325
392 338
393 311
393 361
394 343
395 198
396 397
396 193
398 104
398 399
398 400
401 104
402 403
404 398
404 405
403 402
405 406
407 408
409 410
411 412
413 194
195 414
415 413
416 417
418 252
419 252
419 420
419 421
421 422
