0 1
2 3
4 0
5 6
5 7
5 8
9 4
6 7
8 10
8 5
8 11
8 12
13 14
13 15
13 16
13 17
13 18
11 19
11 20
11 21
22 23
24 8
24 25
26 8
25 24
12 27
12 28
12 29
12 30
14 31
14 32
14 33
14 34
14 35
36 37
36 38
36 39
36 40
36 41
36 42
43 44
43 45
43 46
32 47
32 13
32 48
49 13
49 50
51 14
51 52
51 53
15 13
54 13
54 18
18 55
18 56
57 21
58 57
19 59
20 60
61 62
61 63
61 64
61 65
61 66
67 11
67 68
67 69
70 57
71 11
72 73
31 13
31 74
31 75
31 76
31 77
31 78
79 80
81 82
81 83
34 14
34 81
35 14
84 85
86 87
37 38
37 41
38 37
38 88
41 36
41 87
89 90
89 42
91 40
91 92
92 91
42 89
42 93
94 95
94 96
97 47
98 58
99 58
99 100
100 99
62 61
62 70
75 31
75 14
75 101
75 102
76 31
77 62
69 68
96 103
96 104
105 106
105 86
105 43
44 20
44 75
44 107
44 108
45 43
109 110
109 111
110 109
110 112
110 113
114 112
111 109
111 115
113 112
59 116
117 59
117 118
119 62
120 119
120 74
63 121
63 122
63 123
103 94
103 124
125 126
48 32
48 121
127 128
127 129
130 131
130 132
133 134
133 61
133 62
121 135
136 63
122 136
123 63
123 122
137 122
137 138
137 135
139 63
140 141
64 117
64 65
65 61
66 61
142 143
142 144
142 145
95 94
95 146
147 148
146 95
146 94
149 49
149 150
151 150
152 49
152 153
154 49
50 49
50 151
150 149
155 156
155 107
108 44
112 113
143 142
143 144
143 157
143 158
144 142
157 159
160 161
162 37
163 103
134 164
135 121
135 103
165 143
165 104
166 143
167 80
168 37
52 79
88 38
104 86
104 165
169 170
171 79
172 117
172 173
174 80
175 96
176 177
178 118
179 70
180 69
181 118
182 181
159 157
183 18
183 184
55 183
55 56
55 185
56 18
185 56
186 77
186 134
186 187
184 188
184 189
184 190
187 191
187 192
187 193
115 111
161 194
161 195
196 165
197 17
198 199
200 171
128 127
128 201
202 203
129 128
204 201
201 128
201 204
201 205
205 201
205 206
207 204
207 127
208 202
206 205
209 210
211 12
211 212
211 213
27 214
28 12
215 27
192 28
93 216
216 217
218 219
218 220
218 221
194 222
194 223
194 224
194 225
194 226
227 228
229 161
195 161
230 231
230 232
230 233
234 235
234 236
234 237
219 218
219 238
220 239
240 241
240 218
242 59
242 243
244 245
244 246
231 247
231 233
231 248
231 249
231 250
231 251
231 252
232 230
232 253
254 255
256 247
256 257
256 258
259 260
259 230
222 231
222 194
222 261
261 222
261 194
262 194
223 263
225 194
226 264
226 265
266 267
266 268
235 269
236 234
270 271
270 234
237 234
245 244
245 267
246 244
246 230
246 254
272 244
272 273
274 275
267 266
267 276
277 266
278 279
280 281
280 282
283 263
263 283
263 284
247 283
247 256
247 248
285 286
285 287
288 247
288 289
288 290
248 283
248 291
292 288
292 249
293 231
249 231
289 247
289 248
294 293
291 293
291 248
251 293
295 220
253 296
297 254
297 298
296 299
284 191
300 285
281 218
281 301
281 302
303 304
301 233
301 218
305 239
305 279
305 306
302 301
307 308
307 281
260 309
310 285
311 312
311 313
188 314
287 285
287 188
239 305
315 220
316 317
191 249
106 254
304 303
318 288
318 235
318 319
318 320
318 321
290 288
290 231
271 270
271 322
319 323
324 318
324 249
325 326
327 255
298 106
328 297
329 235
269 235
330 269
331 332
333 332
332 333
332 334
335 336
336 236
337 338
339 313
306 340
306 271
341 227
341 342
342 341
228 341
343 274
264 344
241 345
276 267
323 319
346 319
347 231
348 349
349 348
349 350
351 279
350 279
350 348
340 234
352 353
352 348
317 316
354 335
355 229
356 355
357 226
357 265
358 303
358 359
358 307
360 339
360 312
361 161
361 228
362 105
362 363
362 364
362 365
366 367
363 368
367 366
364 369
370 371
369 364
372 368
371 373
374 184
375 184
376 190
377 378
379 375
380 381
382 242
243 383
384 243
