0 1
2 3
4 3
4 5
6 4
6 7
8 5
7 9
7 6
7 10
7 11
10 12
10 13
10 14
10 15
10 16
10 17
10 18
19 7
19 20
21 22
23 7
11 24
11 25
11 26
11 27
11 28
29 30
29 31
29 32
12 33
13 34
13 35
32 29
32 36
32 21
37 10
37 29
37 38
14 30
14 29
39 40
18 10
18 41
42 43
44 45
20 46
47 19
48 43
48 36
48 49
48 50
48 51
48 11
52 53
54 55
56 57
56 58
53 19
59 60
59 61
62 63
63 60
63 62
30 13
30 57
30 14
30 64
31 54
65 66
67 29
68 69
70 71
72 73
74 12
74 75
76 12
77 12
77 78
79 12
33 12
80 81
80 82
80 83
84 85
86 42
86 87
87 42
88 30
57 48
57 89
57 56
64 29
64 90
91 36
91 92
93 30
94 93
95 34
55 54
83 82
83 80
96 97
96 98
99 98
99 18
34 43
34 13
100 13
35 13
101 42
101 58
58 102
58 103
58 104
105 106
105 107
104 102
104 58
104 108
106 45
106 109
106 110
45 111
46 20
112 88
36 91
36 113
82 80
114 113
115 116
115 117
89 57
89 118
89 108
50 119
50 57
120 36
121 122
121 123
92 36
123 121
124 122
109 106
125 106
110 106
49 48
126 63
51 48
81 127
128 129
129 128
129 80
38 83
38 130
131 132
133 37
133 134
133 131
135 37
136 37
137 34
137 138
138 137
139 34
139 138
140 34
102 101
141 21
142 50
143 144
143 145
143 146
147 81
145 148
149 81
149 150
151 149
73 72
152 153
153 72
154 82
155 154
119 156
157 119
158 156
158 119
159 82
146 144
75 74
160 148
66 161
162 18
111 45
163 45
164 66
164 165
166 167
168 169
170 171
172 168
173 174
175 85
176 90
177 7
178 145
179 18
41 18
41 179
41 180
181 18
182 181
183 91
184 185
184 179
184 186
187 188
187 189
187 190
187 191
107 105
150 149
150 192
150 193
150 194
150 195
150 196
197 31
165 162
165 164
116 198
199 200
201 198
202 203
202 115
200 204
204 200
205 204
206 207
24 192
208 11
25 11
25 209
192 28
210 24
209 25
211 33
212 213
214 165
215 216
215 217
193 218
193 219
193 220
193 221
222 223
222 224
194 150
225 150
226 227
226 228
229 230
229 231
229 232
216 233
216 234
235 215
235 236
217 215
217 237
238 216
238 239
237 216
240 241
240 106
242 243
242 241
227 244
227 245
227 246
227 247
227 248
227 249
227 250
227 251
227 184
228 226
243 252
243 253
243 254
255 226
256 226
256 227
256 257
258 259
260 226
260 241
244 227
244 193
218 244
220 261
221 262
263 193
230 229
230 264
230 265
266 267
266 268
266 269
266 184
232 270
271 272
271 229
273 228
273 244
273 242
273 264
241 226
274 275
276 277
276 278
279 242
264 273
264 280
233 281
233 282
234 216
245 251
261 283
246 284
246 285
267 286
267 287
267 288
289 255
289 227
289 290
284 246
284 227
284 291
284 292
285 245
293 284
293 248
293 294
247 227
247 250
247 251
248 227
292 285
295 296
249 245
249 285
250 293
297 247
251 284
251 245
298 235
299 300
252 301
253 300
302 291
302 303
302 304
300 299
300 305
306 273
307 261
308 261
309 218
281 216
281 310
281 311
281 312
281 313
311 281
312 314
314 315
314 316
317 312
318 317
318 319
313 281
320 256
257 256
321 256
322 323
322 241
324 267
286 267
286 325
286 326
327 267
328 327
328 287
328 329
236 298
330 331
332 236
332 333
189 248
189 307
334 219
335 243
336 310
336 313
291 227
291 284
291 188
337 284
337 245
337 227
272 253
272 338
268 266
296 291
339 291
339 340
340 341
301 342
303 302
303 335
343 266
269 266
344 345
346 254
294 293
347 348
349 232
350 351
325 286
325 326
325 352
326 353
354 355
338 356
223 357
358 359
360 276
360 361
277 276
362 276
278 276
363 278
364 262
361 276
365 366
367 264
315 368
316 314
369 316
370 302
352 325
352 286
366 365
366 265
371 315
371 372
371 368
373 368
374 371
375 316
375 371
375 314
239 376
351 348
351 349
351 350
377 331
378 379
378 380
379 378
341 340
381 382
382 359
319 310
319 318
383 353
383 325
384 385
386 387
388 99
388 389
388 390
391 392
393 388
389 386
389 388
394 395
390 388
396 391
397 396
397 389
395 394
398 184
398 399
398 400
186 184
400 398
401 186
402 240
403 404
405 402
405 406
407 404
406 405
